-0.7927968
0.56648747
-0.33344888
0.16104015
-0.60966044
-0.021783725
-0.69696852
0.34878035
-0.65076332
0.059890207
-0.37011186
-0.13126458
-0.44563577
0.26000506
-0.10803859
0.39489236
0.059597969
-0.073559766
-0.61499188
0.44528528
-0.20967273
0.24363706
-0.25055109
0.79655598
-0.49488143
0.2840059
-0.728873
1.1601919
-0.29905026
0.22648387
0.17891668
-0.16654604
-0.33205289
0.19379273
-0.84597861
0.23343718
-0.81669975
0.37245447
-0.1092027
0.35191204
0.25415183
0.06833766
-0.29883144
-0.26889495
0.65016163
0.43929985
-0.23022701
0.27129341
-0.14787157
-0.10510011
-0.13593552
0.85764285
-0.15287791
0.73582744
-0.25834456
0.24298494
-0.53166417
0.40193796
-0.32603276
0.43089389
-0.65364718
0.59937586
0.39393705
0.12790448
-0.57289989
0.28016379
-0.21721562
0.23573897
0.037373109
0.43985558
-0.64256106
0.60187679
-0.057021316
0.88414795
-0.34743327
0.52474124
-0.19386637
0.22843662
-0.23524912
-0.28171608
-0.65659183
0.50514074
-0.86163407
0.087107702
-0.88753112
0.14345054
-0.46872068
0.76598219
-0.0042942951
0.69305473
-0.48188332
0.32115148
-0.43786597
0.36950532
-0.75514695
1.2293545
-0.74944074
0.1844829
-0.21085634
0.17310556
-0.0086086645
0.24996823
-0.47696199
0.4895545
-0.82131135
0.5717869
-0.012052381
0.89109597
-0.74216018
0.26963488
0.3103407
0.35551408
-0.4701162
1.3007136
-0.087734623
0.39532359
-0.27280002
0.054822177
-0.38877318
-0.31102557
0.61884812
0.063283119
-0.28525008
0.29981254
-0.39008448
0.31076508
-0.35471406
0.88278513
