-0.79614005
0.68067262
0.78394704
1.0637998
-0.4933163
0.29976925
-0.59032554
0.61666892
-0.97547029
0.1306109
-0.5825677
0.87990209
-0.93653704
0.42460687
-0.4470683
0.98375619
-0.54360357
0.40487967
-1.7180392
0.55440236
-0.11560954
0.96835607
-0.44892877
-0.77386464
-1.2147218
0.42890051
-1.2372536
0.14996844
-1.9679114
1.0145217
-0.33616062
0.30309334
0.27219142
0.43489453
-0.39828083
0.56055692
-0.95908986
0.40852946
-1.4533923
0.35178288
-0.56081386
0.9966403
-0.26900013
0.58839212
-1.145792
0.39788322
-1.1526366
0.47458787
-1.1961523
0.69510777
-0.55244209
0.2443144
-0.56352574
0.32192275
-0.43196737
0.97693228
-1.0875702
0.48982332
-0.58114534
0.99014851
-0.49229091
0.36092759
-0.28817476
0.69831633
-0.91442654
1.1722856
-1.1356754
0.770703
-0.19966338
1.5452557
-0.60702945
0.45975801
-0.76877707
0.75344611
-0.037292684
0.25002857
0.056874012
1.3356907
-0.10739674
1.2590149
0.13048542
0.61225527
-1.2597467
0.61971869
-0.49584003
0.18399739
-0.72145737
0.42742394
-0.74228679
-0.054393826
-1.2189839
1.1600232
-1.0628561
1.2966168
-0.018077113
0.87392895
-1.3949989
0.91351493
0.47726586
2.2018206
0.3317494
0.81882668
-0.18646797
0.31790896
-0.76392122
1.1763556
-1.2757287
0.61347791
-0.39579236
0.70682515
-0.06545696
0.8818739
-1.1085245
1.06733
-1.1866317
0.57301635
-1.0685793
1.2603224
-1.0883422
1.0132874
-1.676325
0.35889351
-1.1254742
0.7657339
-1.0117512
0.98302772
-0.32370948
0.11397079
