-1.0307932
0.589026
-0.2987016
0.21307422
-0.018536772
0.2388496
-0.5899009
0.16139426
-0.66294782
0.89300735
-0.29531883
0.030532113
-0.27055727
0.44662104
-0.68875625
0.79488489
-0.10247467
0.19164857
-0.82077445
0.2204852
-0.31961403
0.96909887
-0.37085637
0.29182149
-0.8577993
0.61876199
-0.9135353
-0.032647866
-0.73713715
0.8900169
-0.27065901
1.286665
-0.75361138
0.85176548
-0.36798879
0.15492232
-0.58413526
0.37493145
-0.2978871
0.080109933
0.043483729
-0.035780905
-0.38685627
0.55602993
-0.36416058
-0.29185967
-0.20423956
0.5871476
-0.32719278
0.77601136
-0.76841777
0.091009619
-0.014388646
0.14590119
-0.64779265
-0.14810147
-0.22410702
0.35464251
-0.53720056
0.15127123
-0.44428281
0.14075667
-0.2748693
-0.034543501
-0.4062137
0.13469003
-0.44356798
0.17914098
-0.3237572
0.34573576
-0.84644315
0.2421962
-0.20481892
0.17110449
-0.46230547
0.11170538
0.15547462
0.074131251
-0.41969043
0.34090558
-0.64559538
0.4390772
-0.26109335
0.33307592
-0.39449122
0.67738854
-0.2821932
0.12378735
-0.4622317
0.19310623
-0.29945943
0.8154533
-0.028387317
0.22800352
-0.48109363
0.38880275
-0.39606574
-0.011322457
-0.23071703
0.32226741
-0.48194023
0.087559565
-0.89968788
0.2089808
-0.90143229
0.38834332
-0.44285207
0.42806159
-0.17209523
0.58982107
-0.65471634
0.24329921
-0.57657179
0.37276509
-0.36506731
0.41248536
-0.53562847
-0.054455936
-0.6058161
0.46227121
-0.56774272
-0.028888335
-0.32890379
0.18296084
-0.899639
0.3788552
-0.34084438
0.43861426
