-1.6768513
0.12598823
-0.078082302
0.088541511
-0.56408781
0.8314273
-0.92186224
-0.089452334
-1.9970092
0.4882719
-0.67701783
0.41667628
-1.1092809
1.1698496
-0.020911723
0.97792551
-1.9095888
1.1870881
-0.415049
0.5753424
-0.043327831
0.22890949
-0.3168184
0.30834906
-1.0990088
0.32557242
-0.44070318
0.61167122
-0.56372879
1.0877804
-0.64116197
0.44401547
-1.0868657
0.7347541
-0.38394683
0.77925656
-0.86296704
0.068134706
-1.4420482
0.29731841
-0.12702576
0.40194155
-0.1172139
0.37762589
-0.32688764
0.081501873
-0.60560004
0.34314944
-0.37287781
0.34521871
-0.98286843
0.75016535
-0.32183602
2.069421
-0.16794721
-0.63320725
0.23977645
-0.21301775
-0.93094595
-0.41153701
-1.4125437
0.021439972
-0.26455411
0.89703264
-0.84757151
0.46554886
0.3749931
0.93921509
-0.35197739
-0.068886429
-1.090879
-0.23360213
-0.7861455
0.57088484
-0.0041496166
0.85869475
-0.31450657
0.49973715
-0.94116115
0.072474262
-1.0895244
1.7580353
-0.1770816
0.38654375
-0.32485569
0.20378772
0.0083556973
0.52256965
-0.2875023
0.20455563
0.07243282
0.34312098
0.55150376
0.3957539
-0.52581812
0.34082798
0.057386281
0.74625814
-1.4566118
1.355686
-0.082481361
0.11746664
-0.5500643
1.2783792
-0.7705487
0.64615248
-1.0540366
0.90142853
-1.391148
0.82977233
-0.8849351
0.20800288
-0.24998999
1.6138198
-1.1518983
0.53871418
-1.1515039
0.93163517
-0.82924067
0.38071945
0.085467635
0.85327552
-0.65190358
0.83350475
-0.30958924
0.5275619
-0.37925
0.6510621
