-0.85285345
-0.063539771
-1.7517829
0.35474974
-0.22717865
0.062720615
-0.42797502
0.82919909
0.09901976
0.50777965
-0.17570441
0.19047896
0.065986809
0.47483673
-0.49887437
0.6157361
-0.57373438
-0.37742387
-1.1411797
-0.074280976
-0.58619088
0.40477761
-0.37387421
0.54199814
-1.5055118
-0.081578144
-0.92149767
0.045423353
-0.84933524
0.43201334
-0.30620493
0.099926479
-0.73017084
1.7894749
-0.54039502
0.61856525
-0.69578434
0.67369334
-0.31014862
0.30734411
0.15840783
1.0194368
-1.6409331
1.1567305
0.24771988
0.36091348
-0.51663988
0.70424182
-1.348848
-0.38390333
-0.65574417
0.26183275
-0.46302763
0.23764066
-0.57169092
1.1255532
-1.3991343
0.44515114
-1.0746515
0.95553877
-1.3891885
0.29918906
0.07371544
0.40679435
-0.91832713
0.27875
-0.61918643
0.10962928
-0.77772589
0.37870144
-0.70122969
1.0814921
-0.41346419
0.095514617
-0.36193321
-0.066724259
-0.57398381
0.3795284
0.50494386
0.42442694
0.40145588
0.060521101
0.047034931
0.31748679
-0.75442502
0.44007794
-0.93359601
0.70442913
-0.44786561
-0.10766888
-0.3230346
1.3486878
-0.31802823
0.42462808
-0.21450704
1.1797527
-0.72668242
0.50979234
0.18375896
0.87587776
-0.38018955
0.48090519
-0.88404281
0.34980473
-0.15267668
0.19649453
0.12163716
0.23340321
-1.0346048
0.71615671
-0.44475416
0.79909629
-0.79074008
1.378605
-0.47998563
0.28857023
-0.2940703
0.46389568
-1.1491389
0.8854386
-0.24741296
0.13724274
-0.12464984
0.59646027
-0.33103156
0.83077851
0.049958956
0.681173
