0.33889706
0.5967588
-0.50716752
0.9069498
-0.84735459
0.30484016
-0.5976986
0.80942178
-0.30973278
1.0624712
-0.33225842
1.2401711
-1.316277
-0.084767613
-0.79846035
0.68146382
-1.6776463
0.72983484
-0.80448906
0.19087136
-0.55835191
0.73918991
0.1111538
0.71827958
-0.92810929
0.45989215
-0.24042687
1.0395468
-0.53350607
0.50241772
-0.45960058
0.76440478
-0.97913027
0.49614377
-0.89880689
1.3754629
-0.20878908
1.4431656
-0.58966755
0.43348627
-0.61634537
0.608131
-0.20826272
0.33881076
0.078467779
0.82791713
0.044743879
1.0378691
0.12105698
0.47751966
-1.1617923
0.79124065
-0.30832555
0.18613563
-0.57161177
0.35818096
-0.90289395
-0.046467154
-1.4420699
1.0874423
-0.96077498
1.0559032
-0.05055819
0.84236437
-0.84856067
0.69296821
-0.10098143
1.4313975
-0.81274593
-0.038992043
-0.42309868
0.38376524
-0.6566505
0.057213604
-0.47191403
1.3573558
-0.89225514
0.50729652
-0.94642534
0.38044044
0.21731082
0.52168704
0.66674707
1.4103011
-0.56947188
-0.17424028
0.45363898
0.82251305
-0.46941178
0.68142567
-1.2732258
0.63599981
-1.3956399
1.1564459
-0.61360965
0.87448636
-0.52041172
1.019097
-0.75264113
-0.0099296286
-0.18531367
0.98546387
-0.24497128
0.67455061
-1.0003413
0.88377414
-0.43448292
0.94580379
0.46303237
0.59927223
-1.7005776
0.63030112
-0.76317294
0.64316928
-0.19412912
0.49382746
-0.085074698
0.12514195
-0.14244269
0.8444035
-1.5095769
0.78514889
-1.7080458
0.72721319
-0.50798618
0.35384401
-2.3868469
0.96742693
