-0.4196148
0.62322235
0.0039378673
0.56925735
-0.17673634
0.14031911
-0.42351695
1.0459308
-0.6856402
0.32468708
-0.58075187
0.045806319
-0.3206833
0.70855893
-0.31415696
0.014276963
-0.81085591
0.20474218
-0.31478067
0.4140754
-0.33007238
0.18510821
-0.3750889
0.17481839
-0.58118467
0.47613676
0.68183055
0.87862754
-0.23681025
1.0651907
-0.062888096
0.5551556
-0.66334214
0.67046747
-0.21216479
-0.46151635
-0.36559341
-0.32094179
-0.0013571653
0.48544756
-0.34332551
0.43792327
-0.32615034
0.72069669
-0.49305804
0.36039538
-0.46896871
0.31775572
-0.0089465777
-0.27274259
-0.35120991
0.33305617
-0.072229662
0.36541524
-0.56001892
0.34918903
-0.56531637
0.39321276
-0.68882735
0.015030116
-0.5906547
-0.096123899
-0.3861353
0.41475111
-0.73004095
0.11451264
-0.33455194
0.72694001
-0.13864197
0.91840383
-0.37121
0.23537075
-0.14584017
0.25739786
0.42189764
0.48426273
-0.089531341
0.57510086
0.091588144
1.1299504
-0.22903875
-0.040161675
-0.71955473
-0.054729406
-0.53800671
0.6710565
-0.81003478
0.27267857
-0.0468909
0.26725706
-0.32425674
0.27512077
-0.62664656
0.36367985
-0.74014789
-0.19414486
-0.86808832
0.74436629
0.15233502
0.55506741
-0.0075712044
0.42744695
-0.077599463
0.43077566
-0.680425
0.55612732
-0.55687503
0.37662072
-0.2492553
0.34797617
-0.016783964
0.85937086
-0.39423717
0.58902953
-0.35658657
0.77590639
-0.8726713
0.68886457
-0.41879463
0.4900754
-1.1005209
0.8315638
-0.48074816
0.6494434
-0.72507229
0.5161902
-0.24589502
0.26307261
