-2.1682113
1.1225686
-0.52559325
0.35856712
-0.41809295
0.66848968
-0.82292892
0.22279681
-0.83165254
1.0845405
-0.50986619
0.24795968
-0.52963901
0.66869129
-1.3529571
1.6897776
-0.28722558
0.19639804
-1.098077
0.29441885
-0.1335901
1.2192026
0.42606326
0.58746821
-1.1983391
0.64921893
-1.5655866
0.052157588
-1.0485787
1.3528776
-0.8382335
1.7577568
-1.1018884
0.92655514
-1.1909913
0.31166865
-0.53468903
0.52050834
-0.55046157
-0.040825589
-0.58256012
0.21295844
-0.18218896
0.76572728
-0.7581368
-0.55063361
-0.31048473
1.1537676
-0.60754108
1.5517518
-0.95687934
-0.094961017
-0.26737795
0.23089983
-1.2511099
-0.18849124
-0.071289273
0.72431861
-0.77436763
0.065430495
-0.91040037
0.14747173
-0.77467395
0.46246571
-0.65343902
0.23329851
-1.0578899
0.28359291
-0.70376664
0.22925157
-1.3715517
0.22420332
-0.24844377
0.44663499
-0.6685851
0.056374928
0.36049645
0.092455098
-0.52786073
0.24105967
-0.71009923
0.50812356
-0.51498404
0.64452396
-0.69620388
1.3277215
-0.78564185
0.25626116
-0.71871382
0.26891679
-0.89972676
1.5946895
-0.00023960875
0.7311333
0.22271504
0.077452036
-0.68116484
-0.054746022
-0.39813928
0.28110285
-0.71578736
0.19413037
-1.4548253
-0.2928697
-1.013986
0.56704664
-0.59391008
0.58650919
-0.2761182
1.1865769
-1.166614
0.59871866
-0.88534199
0.20067022
-1.023134
0.83401178
-0.85345803
0.33090783
-1.1801062
0.29762204
-0.53670431
0.063406824
-1.1164392
0.32886851
-1.2219484
0.31358037
-0.62658747
0.7149922
