-0.20915165
1.6714986
-0.441493
0.42829151
-0.62152155
0.33998942
0.1474216
0.1411085
-0.42155614
0.75713042
-1.477703
0.43561712
-0.046975736
0.44044828
-0.50419154
0.30118256
-0.82062276
-0.12098992
-0.27503793
0.33407183
-0.71265854
0.14523718
-1.3464154
0.62227725
-0.98857732
-0.039166182
-0.74974164
0.22450775
-0.77898832
0.42374085
0.031508575
0.15603772
-0.62682754
0.27117648
-0.2374606
0.073731176
-0.52222275
-0.078358448
-0.45733628
0.30932691
-0.43619663
0.22674118
-0.37072426
-0.050742971
-0.036410065
0.3046344
-0.033211621
0.49388329
-0.14558632
0.12158089
-0.24838915
0.091635715
-0.63137443
0.26387273
-0.44932349
0.53161672
-0.26777168
-0.14136295
-0.077847684
0.39131437
-0.45637827
0.31712658
-0.31381497
0.46308457
-0.77351101
0.32864781
0.18820121
0.86105804
0.040174624
0.27118362
-0.59136966
0.10321688
-0.19579572
0.052410529
0.10824166
0.22567118
-0.40159043
0.71859189
-0.49171192
0.3584811
-0.71360226
0.56676656
-0.39514053
0.31514714
-0.32003044
-0.059919683
-0.67528753
0.34642061
-0.53586495
0.088714881
-0.12039611
0.36596464
-0.28821999
0.15077418
-0.10413523
0.36285571
-1.2267805
-0.013344624
-0.20687227
0.17847792
-0.10252259
0.16520336
-0.53196494
-0.0092868563
-1.2303979
0.0062908634
-0.5528439
0.37399496
-0.63538712
0.572405
-0.082343499
0.67300464
-1.1557806
0.20722041
-0.37315533
0.36713376
-0.54203142
0.32186571
-0.2337356
0.31524877
-0.42487336
0.36930128
-0.44555092
0.34826122
-0.65341168
0.61455522
-0.45847514
0.46055171
