-0.4428755
0.3310533
-0.15503766
0.49023214
-0.46755345
0.20396675
-0.76999262
0.10635608
-0.12045671
0.38802009
-0.10541572
0.50346004
-0.31740973
0.074507538
-0.39994216
0.35030827
-0.25966762
0.30157776
-0.69569897
0.57387439
-0.019678069
0.79703585
-0.13806035
0.037385639
-0.078699916
-0.10163057
-0.6348029
0.1443593
-0.96649462
0.019758134
-0.32197386
0.47029363
-0.5862982
0.28454244
-0.028196216
0.76615237
-0.33647953
-0.062346626
-0.54798486
-0.11095363
-0.63362811
0.254977
-0.12745734
0.62308301
-0.38124474
0.43426659
-0.91071919
-0.083154084
-0.57227653
1.0951604
-0.1974251
0.61503184
-0.30872193
0.058725829
-0.14911971
0.15232241
-0.35722246
-0.092078069
0.12455889
0.29877101
0.21163316
0.32093516
-0.76240983
0.28746169
-0.099521465
0.37497941
-0.63645342
0.94957634
-0.24240452
0.18751311
-0.23654727
0.55113623
-0.57589038
0.46846393
-0.57975634
0.72993193
-0.70176399
0.43078001
-0.51587996
0.074346536
-0.40129423
0.50149214
-0.63061619
0.51994803
-0.50321161
0.67057373
-0.27457611
0.42285186
0.080107304
0.6868956
-0.25240139
0.94025673
-0.37780311
0.44119103
-0.17541234
0.21546901
-0.78385485
0.4310993
0.25947128
0.59323105
-0.24921859
0.71987466
-0.30456941
0.36542816
-0.31031832
0.35146377
-0.4758833
0.35663482
-0.37304121
0.27143911
-0.16773181
0.6102617
-0.39582842
0.46936359
-1.0382372
0.59768596
0.14599786
1.2403147
-0.24011629
-0.75697379
-0.55846138
0.37597365
-0.82798689
0.62418306
-0.91474736
0.66703785
-0.52915822
-0.084373133
