0.99953528
0.9923476
0.44664285
0.99972481
0.99943415
0.99982844
1.0001644
0.9999768
-0.078775437
0.99949959
0.99926985
0.99944438
0.99987613
0.99965371
0.99924018
0.36291844
0.21920383
0.99962398
0.99964716
0.9995545
0.2184133
1
0.61899216
1.0004604
0.99952786
1.0001982
1.0002318
0.99972014
0.039018906
1.0000725
0.99941011
1.0005493
1.0002286
0.99996325
0.99997402
1.0000915
0.095718337
0.99984608
-0.17298722
0.99954074
1.0001128
1.0000822
0.99984788
0.064668119
0.8452855
1.0001081
0.87266274
0.99997106
0.80422592
-0.021900369
0.47498079
0.99703702
0.26794007
0.52732932
0.7114274
0.15378841
1.0003274
0.45245593
0.62112655
1.0008344
-0.16508391
0.99990159
0.99972827
0.94174798
1.0002195
0.6487198
0.69638915
-0.10140696
1.0002197
0.32572682
0.97829028
-0.11186265
0.99955855
0.52437023
0.01984587
1.0001616
0.48360293
1.000077
0.60434118
0.47776622
0.82058085
0.99982975
1.0002119
1.0000361
0.43039384
0.99998154
0.99903276
0.81429002
0.45450825
0.077370844
0.01417331
0.73901118
0.1431784
-0.025682906
0.74274058
0.99978044
0.99999866
0.21245707
1.0000018
0.99905034
0.9991863
0.88878341
0.36831414
0.14728288
0.85503049
0.80707685
0.0052773097
0.84320481
0.78743157
1.0001913
0.99912981
-0.081273881
0.99912768
-0.014216805
-0.0088665758
0.99985525
0.15320786
0.9996453
0.085635728
1.000509
0.99999962
0.99981065
0.26650895
1.000156
0.39461224
0.91513045
0.99915859
0.99955154
0.61569914
0.66984278
1.0001875
1.0000813
0.17226544
0.52184916
0.99969214
0.72638249
0.89965429
0.68273153
0.99069209
0.86371654
0.56495314
0.99976088
-0.10683595
0.99999713
1.000138
0.60432609
0.99904931
0.99971591
1
0.13923817
1.0001688
0.55816821
0.05600709
0.46270385
0.99997723
0.97609228
0.44447566
1
0.97286852
0.93303402
0.99988775
-0.11460644
0.13712066
0.99917154
0.99984041
0.58565838
1.0000595
0.21612655
1.0003346
0.020385667
0.99998549
1.0007784
0.99914301
0.99964302
0.50382382
0.81992255
0.069160087
0.99984165
-0.091523802
0.23739072
0.39007105
0.45810159
0.99986609
0.54114603
1.0002563
0.99983672
1.0000342
0.99988578
0.11930474
0.3127099
0.74225468
0.99929027
0.99980717
-0.17152385
0.99995557
0.99981026
-0.10287371
0.99954608
1.0000625
0.12443389
1.0003672
0.92262275
0.67202487
0.18771295
0.53428144
1.0001994
0.41842866
0.6346667
-0.1434584
0.78548447
0.46372672
0.11858748
0.99953556
0.99943516
0.99934287
1.0002872
1.0000264
1.0003218
0.85237809
0.99923011
0.63864122
0.81174594
0.9994775
1.0001103
0.99972609
0.030331881
0.99980814
1.0006489
1.0000576
1
0.59584967
0.13614673
0.66928796
0.74778849
0.99983604
-0.063636226
0.78886076
0.12131408
1.0004074
0.99999194
0.99909985
0.99952182
-0.064949697
0.42024502
1.0007837
0.99951447
1.0001477
0.99959448
0.42388642
0.99973685
0.9997224
0.50708844
0.9993099
0.9010016
1
-0.12759462
0.5940407
0.3401114
0.15751231
1
0.35267753
0.99921206
0.99923951
0.47631111
1.0000745
1.0000752
0.98825606
1.0007272
0.99914547
0.17780355
0.91579972
0.99984409
0.99920071
0.79287796
0.090364325
0.59995645
1.0003476
1.0001337
0.44208767
0.50938154
0.15066365
0.90041378
1.0003435
1.0001332
0.99996853
0.045422897
0.77681445
1.0003877
0.44178404
-0.1325958
0.99986657
0.64304662
1.0002421
0.10994112
1.0000303
0.38537949
0.089958663
0.41731985
1.0003937
-0.049881132
0.76072567
0.38410392
0.16690132
0.29334636
-0.11643022
0.9999961
0.34907852
1.0000761
0.99996938
0.0991942
-0.095833229
0.50208893
0.61233832
0.99961581
0.99979129
0.99625295
0.24581329
0.99981463
0.99922723
0.99999177
0.99961901
0.61220774
0.99925794
0.99954817
0.76105973
-0.074649757
0.98473451
0.79855163
0.99987626
0.99909057
0.28428879
0.79010404
1.0002694
0.99972003
0.99923586
0.99958104
0.27947779
-0.12277506
0.99939362
0.99934068
0.99990071
0.99996337
1.0001542
0.22146931
0.13425611
0.99901265
1.0000419
0.75113922
0.99977442
0.80622143
0.93172567
0.066880452
0.99931805
0.78957643
-0.045981572
0.61310156
0.77934206
-0.14503307
0.99971816
-0.020297318
1.0001105
0.99908407
-0.19639842
0.61030196
0.26614849
0.99982522
0.99971795
0.99982145
-0.022181391
0.82315678
1.0000605
0.18632831
0.99988024
1.0000581
1.000079
0.99998783
0.66061047
0.23728965
0.35320673
1.0004425
0.32644875
0.99935229
0.93400639
0.99993968
0.9994444
0.37644912
0.4024418
0.51344276
1.0001974
1.0002258
0.60673846
0.99980264
0.29950689
1
0.89941494
0.23844726
0.18098167
0.80478466
0.83615244
0.64926852
-0.74348244
-0.99976206
-0.44946561
-1.0006045
-0.88144862
-0.48882966
-0.21147916
-0.99892044
-0.78957703
-0.63842593
-1.0008051
-0.99976156
-0.84818962
-0.76892853
-0.99986543
-0.29818624
-1.0001365
-0.73869281
-0.9996359
-0.66371521
-1.0004857
-0.70374082
-1.0006719
-0.99924002
-0.99996238
-0.39149119
-0.99967631
-1.0001143
-0.9216196
-0.34517706
-1.0000115
-1.0008014
-0.37330622
-1.0005648
-0.21090098
-0.25603224
-0.18956194
-0.99999725
-1.0005529
-0.36880333
-1.0000075
-1.0000837
-0.99985354
-0.26713508
-0.63492563
-0.96338111
-0.27755198
-0.24034573
-0.51622194
-0.99993512
-1.0005519
-1.0001567
-1.0002402
-0.99993828
-1.0001862
-0.50423719
-0.24302241
-0.63436668
-0.99958074
-0.91441521
-0.99983753
-1.0008774
-0.19214584
-0.507355
-0.99987221
-0.56386667
-1.0001503
-1.0009189
-0.22863313
-0.99997639
-1
-1.0001276
-1.0000187
-0.99983252
-0.52394565
-0.73532661
-0.999751
-1.0004549
-0.21212814
-0.94276378
-0.52627532
-1.0000322
-0.99836509
-0.99986716
-0.56673682
-0.83591181
-0.24684317
-0.99976517
-0.31436301
-1.0002883
-1.0009618
-0.44839329
-0.54276588
-1.0001722
-0.99980112
-0.99980068
-0.20118631
-0.46976304
-0.25498743
-1.0004763
-1.0001611
-0.80603816
-0.99992297
-0.99984685
-1.0001566
-0.82002389
-0.95986616
-1.0001168
-0.99998214
-1.0006104
-0.99970057
-0.32126048
-0.29248059
-0.21547817
-0.90672055
-0.9997221
-1.0007744
-0.24535305
-0.66967848
-1
-1.000568
-0.99992003
-1.0001598
-0.51047666
-1.0001569
-0.99992967
-1.0005658
-0.75375641
-0.99961851
-1.0000248
-0.83898143
-1.0001767
-0.73384425
-0.32304571
-0.27798153
-0.59024056
-1.0001639
-0.99914009
-0.99924478
-0.31680432
-0.90427571
-0.99992554
-1.000308
-0.27859026
-1.000112
-0.49496348
-0.18319886
-0.99960575
-1.0007757
-0.34856693
-0.24208559
-0.99919206
-0.99918082
-1.000075
-1.0008865
-0.89963847
-0.99938336
-0.60107798
-0.99992162
-0.33880169
-1.000148
-0.35793021
-0.99962495
-0.532061
-1.0001934
-0.99920781
-1.0001002
-0.21890903
-0.55150159
-0.53411435
-1.0007159
-0.22820623
-0.71558906
-0.99994324
-1.0006889
-0.62366933
-0.99996118
-0.18926372
-0.78879251
-0.29671164
-0.26832016
-1.0003737
-0.20168958
-1.0003227
-0.88636364
-0.99988072
-0.94151283
-1.0007887
-0.99963562
-0.22189554
-0.99993457
-1.0003118
-0.64918359
-0.92513227
-0.23490223
-0.21118053
-1.0001098
-1.0001771
-0.99983186
-0.6238826
-0.78201753
-1.0002529
-0.22675789
-0.88470386
-0.61041955
-0.41770772
-1.000081
-0.76653571
-1.0005064
-0.53157264
-1
-0.52231589
-0.99987693
-0.34830926
-0.31349292
-1.0001314
-0.26008874
-1.0001659
-0.2199806
-0.39287682
-1.0002162
-1.0009288
-0.99996272
-0.78982128
-0.99986195
-0.53243153
-0.53849643
-0.58692062
-1.0001905
-0.99974202
-0.56680995
-0.92503619
-0.99948227
-0.70553876
-0.1498584
-1.000257
-1.000916
-1.0003168
-0.43293494
-1.0004005
-0.55731546
-1.0001637
-1.000626
-1.0005402
-0.72691853
-0.76626734
-1.0000503
-0.29956029
-0.90391116
-0.99962419
-1.0008487
-1.0002234
-0.81029713
-0.33144222
-0.520111
-1.0004104
-0.64162295
-0.8358532
-0.9997957
-0.92324793
-1.0008991
-0.82720748
-1.0001198
-0.78233779
-0.90022599
-0.80643929
-0.57584277
-0.34704797
-0.511227
-0.87551407
-1.000797
-0.80298065
-0.87413533
-1.0001549
-0.99960235
-0.3456991
-0.18243199
-0.89257135
-0.29785405
-1.0000168
-0.20230548
-0.16709024
-0.99987311
-0.62417716
-1.0006054
-0.53027251
-0.51939882
-1.0005757
-0.61426321
-0.19295553
-0.55641649
-0.99978024
-0.477798
-1.0000317
-0.99942706
-0.45942098
-0.45729431
-1.000143
-0.99985253
-0.82298986
-0.79104741
-0.45621879
-0.16820412
-0.23097332
-0.82081602
-0.65305075
-0.99998602
-0.40667629
-0.23239429
-1.0003153
-0.78788906
-0.33740064
-0.46819834
-0.43290428
-1.0003684
-0.36155898
-0.46597768
-0.99952517
-0.99963377
-0.17294533
-0.99941616
-0.84326207
-0.19213624
-1.0000179
-0.91497901
-0.34377341
-1.0002729
-1.0006439
-0.78828168
-0.84637209
-1.0000028
-0.91484672
-1.0000831
-1.0001741
-0.53107009
-0.9991775
-0.85331265
-0.55473101
-1.0001781
-1.0005936
-1.0000746
-0.54766461
-1.0002619
-0.50921281
-0.99993959
-1.0001842
-0.99926761
-0.29878577
-0.56578254
-0.45990818
-1.0005548
-1.0003101
-0.44634544
-0.99992576
-1.0000171
-0.9996719
-0.99980901
-0.80184643
-0.99989133
-0.2972243
-0.99982712
-1.0003708
-0.51168985
-0.18994729
-1.0001968
-1.0009665
-1.0004769
-0.91478523
-0.2782288
-1.0002598
-0.99999925
-0.99998228
-1.0009926
-0.60287033
-1.0005697
-0.65584298
-0.37222798
-0.31745943
-1.0005894
-0.80539267
-0.25382309
-0.99994893
-1.000383
-0.79825703
-0.79886874
-0.9994294
-0.81483601
-0.72640034
-0.31761542
-0.91085934
-0.86967073
-1.0001532
-0.26267325
-0.34790665
-1.0000227
-1.0005911
-0.25297361
-0.22200885
-0.79032991
-0.79848739
