0.89398381
0.91478331
0.9141839
0.90468002
0.90829378
0.91685045
0.91125933
0.91170026
0.91958022
0.90650562
0.91598977
0.91602598
0.91379156
0.91307729
0.91192224
0.92267514
0.91859302
0.89278243
0.91648717
0.91247426
0.91855818
0.90949536
0.91019046
0.91821803
0.91983149
0.91504189
0.91497355
0.90207917
0.91871577
0.90434816
0.91298795
0.92050299
0.9125545
0.91653377
0.92176031
0.90854469
0.92164295
0.92149771
0.91947972
0.91705557
0.90886626
0.91170564
0.91559452
0.91470726
0.91472761
0.91439384
0.91576247
0.8913209
0.9201356
0.91787488
0.91832857
0.91300961
0.91662123
0.91878323
0.91309363
0.92335282
0.90644514
0.91615534
0.90081962
0.91450187
0.92700625
0.90332422
0.91336442
0.91966901
0.91231583
0.9057352
0.91908838
0.91777951
0.91771582
0.91817902
0.91710224
0.91771586
0.9127804
0.91691495
0.91692749
0.91024082
0.91843451
0.90368768
0.91475715
0.91765853
0.9140905
0.91113423
0.91186203
0.92026155
0.91855578
0.90581011
0.91757449
0.91312602
0.91395203
0.91746819
0.91544901
0.91068062
0.913755
0.91820664
0.91355417
0.91762196
0.90875573
0.91887194
0.91750685
0.91326767
0.90702776
0.91330082
0.92075585
0.92049228
0.91916262
0.91905939
0.91581198
0.91046364
0.91092248
0.90763988
0.9026015
0.91844337
0.90510295
0.91863739
0.91472554
0.90791121
0.91902135
0.91396779
0.91363193
0.90262489
0.89812151
0.89644491
0.91728476
0.88941093
0.91885408
0.9125081
0.91224262
0.914498
0.91205129
0.91603392
0.91152096
0.91426568
0.91768991
0.91128859
0.91021958
0.92073499
0.91048723
0.91361693
0.91789767
0.91694037
0.91162363
0.91414144
0.91814079
0.91687213
0.91554378
0.92162877
0.91269353
0.91696893
0.92124202
0.91832065
0.91625927
0.91849225
0.91521331
0.91730338
0.92021498
0.91846472
0.91792883
0.90647864
0.90887495
0.90754277
