-0.79437339
0.81718332
-1.2687266
0.2364754
-0.4188954
0.75588175
-0.63067529
0.54888018
-1.3555116
0.58940123
-0.52830882
0.82438111
0.44279815
0.46102543
-1.4293852
0.33858857
-1.1196877
0.15488381
-0.12329416
0.12443964
-0.27200091
0.14934045
-0.40137502
0.31163747
-1.1228842
0.73434813
-1.155122
0.13071283
-1.1655105
0.28508936
-2.8352917
0.91183185
-0.55555698
0.58819448
0.27451164
0.27301881
-0.92642161
0.031551218
-0.73253517
0.68078705
-1.084222
0.76058833
-0.85224983
0.46521579
-0.62058026
1.0896858
-0.77700996
-0.029363977
-1.1662547
-0.30322644
-0.61545095
0.22058784
-1.5192706
0.40347181
-0.54126885
-0.0058208694
-0.25269058
0.80218298
0.96554191
0.59981368
-0.52499801
2.4246515
0.19961151
0.38819983
-0.81153702
0.94939009
-0.43674481
-0.47332525
-0.67388203
-0.46232157
0.11428002
0.24580178
-1.2026537
0.92720863
-0.43416229
0.90456181
-0.91525469
0.62847475
-0.40733546
0.66095779
0.082703735
-0.28103974
-0.79166259
0.33344748
-0.29519566
0.5965038
-0.36378257
0.77761243
-0.93433315
0.47510908
-1.4471389
0.36495982
-1.0776131
-0.50156191
-0.44972533
1.2194844
-0.8473937
-0.48258333
-0.68939786
2.1015883
-0.32010976
1.1205891
-0.5225715
0.14576692
-0.24809524
0.059201832
-0.34843792
1.1036463
-0.15262885
0.41753447
0.26303439
0.57335687
-0.092636756
0.45568252
-0.86354862
-0.19578601
-0.83229381
0.8329363
-1.234883
0.12053625
0.05330404
0.654775
-0.31484285
1.0444323
-1.1397064
0.6283242
-2.2437908
0.74903993
