-1.0277966
0.74864077
0.40605708
0.99588291
-0.44077595
0.78000743
-0.77466564
0.60393522
-0.82699267
0.2409881
-0.55759403
0.38916898
-0.32148773
0.87506004
-0.31735833
0.36465296
-0.77750273
0.41493037
-1.5925178
0.23901098
-0.47648126
1.745298
-0.11418895
-1.0885897
-0.59572398
0.10941476
-1.3860563
-0.22211967
-1.531934
0.58899514
-0.28898607
-0.12044429
-0.073105463
0.24915299
-0.37531977
0.31315569
-0.35380595
0.088063705
-0.99705839
0.47865552
-0.89415443
0.8146239
-0.2209709
0.53040807
-0.92547239
0.7847808
-0.51086191
0.62930402
-1.1150363
1.078858
-0.95661092
0.80617013
-0.83033451
0.69578194
-0.38432211
0.66567987
-0.80589134
0.30357011
-0.52703471
0.85370356
-0.44272524
0.35291327
-0.18994042
1.3603291
-1.389016
0.53966737
-0.6142409
1.4277267
-0.14094146
0.54526399
-0.56861624
0.34849675
-0.44134026
0.6106943
-0.42567161
0.51825688
-0.24549923
0.84990498
0.053681652
0.55928112
0.072126943
0.43070964
-0.89789675
0.68051764
-0.47751287
0.46171389
-1.0158042
0.24592338
-0.48497852
0.019273063
-0.78412858
0.84416023
-1.0337974
2.0358655
-0.18691253
0.45788902
-1.2950218
1.7362545
-0.38220748
1.5838648
-0.79081694
0.021361286
-0.30843347
0.63357125
-0.29496491
-0.18788175
-0.26387713
1.022362
-0.61113779
1.1901928
-1.011782
0.58456416
0.64605499
0.3967128
0.45954948
1.3162228
-0.73281614
-0.54977748
0.048299408
0.26653973
-0.32018665
0.31120558
-0.75889933
0.88793935
-1.0411298
0.76326817
-0.033054483
1.1763426
