-2.5847261
-0.26322589
0.086065998
0.14289342
-0.39184145
0.80028496
-1.2080495
-0.27664994
-1.332492
0.59089278
-0.71772298
0.4734063
-1.2982309
1.4450232
0.21996659
1.0105296
-1.6428961
0.4164614
-0.53503934
0.4432978
0.062716555
0.61735634
-0.30119291
0.30691103
-0.91491287
0.67034327
-0.61814945
0.49394539
-1.043795
1.0970724
-0.7299786
0.55030347
-0.97701894
0.62768418
-0.45442397
0.90229661
-0.78428828
0.0042230332
-1.8117091
-0.19897112
0.5146943
-0.074772646
0.099779415
0.67960819
-0.29396018
-0.074628743
-0.43347847
0.099375443
-0.23650639
0.7218986
-0.96786532
0.5866433
-0.25923323
3.0836545
-0.024871987
-0.24752935
-0.13549786
-0.23253732
-1.0013963
0.098108482
-1.4353644
0.031513991
-0.62031513
0.61391869
-0.67062292
0.43171531
0.060260555
0.66730545
-0.31411969
-0.20150953
-0.6674068
0.12844745
-0.83439683
0.57225333
0.17867454
1.2772808
-0.43401268
0.5799784
-0.92947434
-0.075088578
-1.2212902
1.15739
0.46315395
0.77708617
-0.25725319
0.3407073
-0.075617838
0.76675284
-0.30739883
-0.21410112
0.034544213
0.90694567
0.33066436
0.4892971
-0.58677315
0.18156572
0.084412271
0.22307518
-1.7677652
1.3797771
0.37470625
0.3005217
-0.70027599
1.3671556
-0.58073517
0.48156996
-1.1212946
0.5183112
-0.93833276
0.74082727
-0.80743396
0.39279002
-0.24327725
1.637757
-1.0302384
0.84946929
-0.88867035
1.3693665
-0.57664654
0.74964042
0.12960212
0.68486903
-0.43522614
1.3955311
-0.11995631
0.45500883
-0.53655029
0.54310184
