-1.2365447
0.55698518
-0.74569579
0.22660765
-1.7226482
0.0043901617
-1.1853893
0.32060819
-0.92937865
-0.10463866
-0.18564977
0.089527109
-0.86113462
0.58132731
-0.26194157
0.26080162
0.11063413
0.38626138
-1.0636059
0.5378715
-0.35444053
0.07882706
-0.40281028
1.4465644
-0.57711831
0.41722575
-1.1036482
1.3468582
-0.6817416
0.31798463
0.73941521
0.021022538
-0.36537891
0.3993927
-1.2456233
0.33193135
-1.4257471
0.39584444
0.05516665
0.81053549
0.65940829
0.2155389
-0.66285603
0.017862502
0.78711224
0.67225982
-0.39328994
0.635857
0.033464943
0.16921732
-0.41741752
1.1697773
-0.12727384
1.2791544
-0.47764266
0.55964596
-0.77975954
1.0616217
-0.44829576
1.0497345
-1.3611953
1.0611172
0.15100313
0.55124514
-1.0766026
0.14115736
-0.23382142
0.33858395
0.080572468
0.10875047
-0.72930172
0.60242903
0.35121508
1.6870878
-0.2796
1.0256891
-0.38221053
0.50778961
-1.7519623
0.65537602
-1.0147053
1.2152819
-0.65561205
0.34281761
-1.6991611
0.21442312
-0.5759384
1.2376585
-0.58668158
0.55765232
-0.39020424
0.64032443
-0.61922599
0.66467871
-1.5194513
1.6892595
-1.2535608
0.22542587
-0.029154592
0.5048802
0.78509469
0.33607565
-0.3765534
0.90319154
-1.0232695
1.024397
0.54003007
1.0701946
-1.16705
0.656219
0.90303517
0.67993292
-0.70032009
1.2925633
0.088307619
0.93111257
-0.34653093
0.62108387
-0.32675936
-0.7158217
1.1703568
-0.25422864
-0.52874735
0.31835092
-0.94313671
0.30765454
-0.26751294
1.7520079
