-0.42443884
0.19026467
-0.89302966
0.0024309908
-0.18448732
0.038229732
-0.096031225
0.42692213
-0.2298716
0.091061091
-0.31640249
-0.08731149
0.062046486
0.64999735
-0.64834334
0.03221053
-0.44773627
-0.41194683
-0.41426954
0.024981606
-0.33419242
0.43312243
-0.2744848
0.24295424
-1.1579217
-0.017325147
-0.30976899
0.040374802
-0.44395704
0.25273536
-0.26352355
-0.042991391
-0.33639677
1.5864597
-0.50167994
0.4432551
-0.56465705
0.3733921
0.029954699
0.26572363
-0.47119886
0.81181083
-1.4753345
0.39122021
0.12360939
0.1974136
-0.43182359
0.52497741
-0.67009033
-0.19924068
-0.40855742
0.36046626
-0.5230225
0.15988468
-1.2273415
0.52231042
-0.92550975
-0.0014926904
-1.0959986
0.091412298
-0.69837298
0.30945393
0.020939974
0.19645285
-0.64626806
0.10400369
-0.18682006
0.083395874
-0.37982645
-0.018565947
-0.55746548
0.4974617
-0.31960475
0.3016911
-0.42197342
-0.069151424
-0.16743273
0.1567981
-0.001252801
0.40576266
-0.0022204753
0.20913997
-0.2501517
0.092385841
-0.56354533
0.24409343
-0.41900777
0.56568523
-0.18037689
-0.20134796
-0.021965225
0.43522338
-0.33927269
0.27155015
-0.38900115
0.38216128
-0.6966461
0.20208858
0.31334153
0.79284685
-0.033247682
0.17750438
-0.63790842
0.032453905
-0.069994038
-0.09568005
-0.030537616
0.26129006
-0.48691719
0.81086433
-0.51446204
0.47971386
-0.60564266
0.68150777
-0.43621593
0.40032023
-0.29932177
0.39921127
-0.65263054
0.66380012
-0.35987668
0.46150215
-0.12601119
0.6209272
-0.50401225
0.40713979
0.13438641
0.40064087
