-0.64589818
1.7269272
0.97293992
0.8502642
-0.51657888
-0.13968493
-0.56993851
1.1123416
-0.84134364
0.91877579
-1.240106
0.18203702
-0.61546506
1.6078201
-0.82824573
-0.030011529
-1.4240682
0.37619848
-0.8292789
0.38579312
-0.78309005
0.70273459
-0.79792287
0.076753648
-0.0054043676
1.1017556
0.98654608
0.058624676
-0.47049642
1.6943546
-0.13126461
0.48589557
-0.39785619
0.93047241
-0.48355627
-0.39657285
-0.46519616
-0.36800294
-0.20216353
0.63281737
-0.47945052
0.5387424
-0.63644845
0.76747452
-0.4364105
0.77906145
-0.71316447
0.11520812
0.27229166
-0.64875887
-0.64175791
0.35698615
-0.27863035
0.3035875
-0.40625398
0.22503988
-0.59965772
0.41445059
-0.91173035
0.36097763
-0.78126581
-0.1854628
-0.020491876
0.8431392
-1.1964243
-0.21609558
-0.24823983
1.5466549
-0.39682872
1.0707774
-0.52723966
0.49276883
-0.18800757
0.015121364
0.55457812
1.5360957
-0.27859517
0.40907807
0.43788976
0.954821
-0.16812173
0.14516577
-0.77395237
-0.37681089
-0.71964858
1.4263976
-0.63871183
0.26181353
-0.11763488
0.39932781
-0.52209056
0.53094089
-0.81856463
0.46313083
-1.6102919
0.3424702
-1.109182
0.97524746
0.82127269
1.3624166
0.2773134
0.36726991
-0.30293613
0.23638508
-0.80216176
0.8032214
-0.86197196
0.79119905
-0.33243221
0.53418701
0.057956796
1.4059137
-0.69977895
0.85835673
-0.92475029
0.63117764
-0.61368372
1.1179209
-0.76344849
1.0242795
-1.8772068
0.87099427
-1.5290144
1.3872026
-1.0041629
0.72032504
-0.40217142
0.23128717
