-0.38589048
0.33160496
-0.83572162
-0.029928382
-0.19978883
0.088285998
0.07258091
0.26276082
-0.19997722
0.074801503
-0.14010981
0.1687233
0.20118343
0.59102106
-0.60878936
0.062154334
-0.55970579
-0.4241066
-0.35132461
0.056446765
-0.042019997
0.70714969
-0.348046
0.34694917
-0.88286137
-0.055445168
-0.25359538
0.19799307
-0.44091627
0.15930025
-0.18211871
-0.073430381
-0.52566155
0.28523282
-0.20125022
0.56848102
-0.30254696
-0.077809583
-0.51167664
-0.14561304
-0.66506517
0.24528175
-0.015083003
0.60129105
-0.46846542
0.36427519
-0.93182318
-0.080535966
-0.80009359
1.1521809
-0.25398571
0.4270123
-0.29214499
-0.031381332
-0.20493553
-0.043883238
-0.2615843
-0.24602174
0.019864247
0.3856269
-0.077192724
0.30985676
-0.6886802
0.19795465
-0.01965139
0.34564003
-0.62691328
0.7982782
-0.17074473
0.12249722
-0.18109469
0.67605562
-0.54914503
0.44296565
-0.61361069
0.57442426
-0.64626149
0.40465977
-0.41504345
0.03056933
-0.56038045
0.58108696
-0.72167791
0.56337454
-0.45513923
0.63899982
-0.41228531
0.33417423
-0.0029418974
0.55733997
-0.20449609
1.0350857
-0.35590789
0.41185281
-0.3415115
0.31279806
-0.81967909
0.55197975
0.37824828
0.61676656
-0.35684671
0.49787007
-0.37206563
0.36170341
-0.51922274
0.29890887
-0.46335356
0.22507536
-0.28365195
0.21630805
-0.11169846
0.5750269
-0.49322484
0.60995981
-1.1118603
0.54390108
0.1442206
1.1218708
-0.28816677
-0.59718027
-0.63835405
0.42974516
-0.78969815
0.54169076
-1.1122434
0.50358159
-0.50876311
-0.20168308
