-1.3568377
0.13548106
-0.20894188
0.023257465
-0.28461264
0.59540366
-0.68429599
0.25634488
-0.71099237
0.61456802
-0.79922274
0.067492383
-0.64126377
0.72866149
-1.1100259
0.94124755
0.29134217
0.57860778
-1.1198803
0.082928601
-0.5519261
0.77885494
0.32387539
0.51156303
-1.3923022
1.053694
-1.2814072
0.10424739
-0.66632969
0.91252936
-0.66154106
1.020392
-1.2940773
1.162713
-0.50379529
0.36834015
-0.9873963
0.75177332
-0.35768958
0.029160799
-0.73051439
0.19839747
-0.63315706
0.73307356
-0.68007304
-0.45074241
-0.15554952
0.81994105
-0.96868326
1.2957973
-1.1638467
-0.033279927
-0.11040839
0.35060733
-1.1212735
-0.012244251
-0.13333983
0.48395969
-1.3889546
0.19259223
-0.87270586
0.22818455
-0.65353052
0.44319635
-0.27539767
0.47932728
-0.67440174
0.68845432
-0.65966262
0.28036487
-1.5425473
-0.012643431
-0.16146105
0.84272346
-0.58140044
-0.22490037
0.10080488
0.21144278
-0.27364288
0.93855177
-0.76982302
0.60790971
-0.99276871
1.6347972
-0.73195763
1.3971604
-0.65818584
0.36080105
-0.4402639
0.96227393
-0.99327173
1.4156183
-0.22539762
0.50739259
0.23367399
0.11950918
-0.59602806
0.3210099
-0.051000665
0.47047704
-0.43929916
0.5731665
-0.94440887
-0.026941286
-1.6815767
1.1361375
-0.46740353
0.6288628
0.26934348
0.56957028
-1.4626204
0.60642303
-0.89562372
0.75833168
-0.79590936
0.48299095
-0.62107797
0.49523189
-1.770427
0.39979661
-0.73074338
0.16077765
-1.1959365
0.45838879
-1.2463874
0.48384798
-0.53409347
1.2402137
