0.084950838
0.47645278
-0.17431498
0.71833811
-0.41659102
-0.058056167
-0.37510109
0.36712105
-0.50193555
0.60937457
-0.14934285
0.38927083
-0.69397693
0.40606089
-0.44844812
0.63062968
-0.81893015
0.18463895
-0.49457788
0.47278332
-0.67410914
0.73382702
-0.30503394
0.42962644
-0.32467322
0.31409447
-0.39402986
0.69083389
-0.23195445
0.18417813
-0.11080132
0.84271148
-0.61591187
0.4695639
-0.38355061
0.92287491
-0.2415773
0.21880568
-0.30262154
0.68216529
-0.15338962
0.4084443
-0.12387459
0.27007912
0.14596074
0.36885799
0.13131157
0.37880419
-0.046125137
0.21860018
-0.5334979
0.52539499
-0.35173629
0.35978332
-0.47275851
0.26728602
-0.25133124
0.037857719
-0.23673378
0.40467859
-0.47481248
1.0678766
0.013692729
0.4736228
-0.50752833
0.55526726
-0.23110155
0.76727676
-0.46834336
0.29584387
-0.36823307
0.30916064
-0.23912872
0.044971721
-0.16112634
0.4752488
-0.2777826
0.74417881
-0.26928087
0.35278056
0.22338339
0.40066406
0.25020697
0.85639064
-0.44683133
-0.40254899
0.27055714
0.32958259
-0.23858208
0.58711573
-0.49185618
0.4274121
-0.61763165
0.20775924
-0.30071
0.50438985
-0.29023676
0.41341915
-0.84027456
0.046418837
0.053543185
0.59112649
-0.20936749
0.34908048
-0.21737302
0.3852648
-0.16148867
0.21540529
0.17133107
0.21544579
-0.44928648
0.82581336
-0.37500949
0.36872292
-0.10663901
0.11347851
-0.11149809
-0.15479192
-0.23179963
0.28057923
-0.58120535
0.57698456
-0.63866724
0.45877054
-1.0101565
0.10415867
-0.91844492
0.78758767
