-0.76168037
0.55360125
-0.21125964
-0.016749661
-0.697724
-0.098299406
-0.74530279
0.34633367
-0.64557507
0.1668773
-0.26180708
-0.0033261756
-0.50824625
0.2608432
-0.070687345
0.22804807
-0.0079174181
0.010561706
-0.61212294
0.42979089
-0.19377914
0.30882069
-0.24995974
0.78882699
-0.48107808
0.24518939
-0.65500079
1.2158751
-0.37174301
0.34881819
0.16371132
0.052474917
-0.38254992
0.32405875
-0.90098819
0.29575315
-0.87727687
0.51941724
0.067808859
0.38723804
0.15006407
0.11100645
-0.35261281
-0.12193221
0.48453794
0.31857653
-0.20378702
0.33911994
-0.065445717
-0.24787389
-0.19849321
0.81039806
-0.099394342
0.92645102
-0.30813982
0.20770962
-0.5361718
0.47844507
-0.36683812
0.59908232
-0.6192114
0.4528479
0.33811487
0.20548509
-0.60655471
0.3334018
-0.13948555
0.26586597
0.160549
0.15960439
-0.69504875
0.52625583
-0.22711824
0.89754577
-0.26091411
0.5851547
-0.15834446
0.16481501
-0.38764728
-0.4048846
-0.59792623
0.57039671
-0.76135164
0.11667557
-0.90371311
0.1457974
-0.48649566
0.65192817
-0.35147271
0.7478243
-0.37131959
0.12728905
-0.52631685
0.45587542
-0.82319293
1.0142187
-0.77060155
0.20981798
-0.249559
0.21524163
-0.091721802
0.23944122
-0.48958544
0.52539074
-0.58292317
0.58095473
0.13477422
0.74167614
-0.75233633
0.14005855
0.27167019
0.19139281
-0.6575446
1.0750896
0.017428355
0.34898855
-0.36743938
0.15598913
-0.45007867
-0.31645081
1.0535523
0.055937734
-0.25344188
0.19306073
-0.25860718
0.47499761
-0.34988309
0.70625661
