-0.45032623
-0.11847017
-0.36017197
-0.39361168
-0.49570185
-0.12630787
-0.35279561
-0.53020321
-0.51777374
-0.082999712
-0.25179803
-0.16809566
-0.31925647
0.0091975776
-0.0036270583
-0.44862288
-0.15134918
-0.47674344
-0.10866607
-0.071060621
-0.53395772
-0.35008723
-0.5273663
-0.40801825
-0.39334919
-0.53429619
-0.35572464
-0.30008627
-0.079476845
-0.26356444
-0.45680977
-0.11515549
-0.55189195
0.14030526
-0.34002725
-0.3217272
-0.39359528
-0.42893101
-0.3324235
-0.1746808
-0.36041615
-0.76706124
0.045591327
-0.22568902
-0.50300441
-0.57564686
-0.74232641
-0.36816726
-0.08626715
-0.24274349
-0.31813669
-0.38013663
-0.49997037
-0.17728765
-0.59136546
-0.42710805
-0.62043757
-0.47526443
-0.60418465
-0.18547049
-0.29679888
-0.33043142
-0.22507847
-0.0073505476
-0.48279191
-0.55641884
-0.22002033
-0.23255778
-0.22251919
-0.16936829
-0.12511747
-0.0055779607
-0.17068882
-0.43839923
-0.20697641
-0.47788812
-0.21655357
-0.17481032
-0.42521021
-0.15196069
0.18020709
0.44853847
-0.068948894
-0.24681194
0.13723407
0.39159089
0.20822219
0.00087163045
0.80022444
0.33357262
-0.032623868
0.036554313
-0.11547652
0.35144862
0.30536287
0.2183985
0.17648664
0.52471786
-0.0015236959
0.42904286
0.21157661
0.40121395
0.23697129
-0.10290745
0.39239492
0.35930359
0.42624922
0.20512716
0.40516076
0.59968327
0.2543851
0.10737544
0.13563399
0.2448744
0.39876262
0.27466502
0.10673215
0.24896573
0.17670432
0.31510523
0.17691117
0.18933044
0.90423122
-0.53938779
0.12693788
-0.0081667753
0.33160281
-0.16003806
0.15949539
0.2466585
0.026405477
0.18081819
0.34586208
0.20628374
0.37491686
0.25356029
0.42517097
-0.11426567
0.43674647
0.27784825
0.13730106
0.38879975
0.022974364
0.87569279
0.37750838
0.47761366
0.049421559
0.28975736
0.23572143
0.41738001
0.10875686
0.2628206
0.12382172
0.32368637
0.39364057
0.11660218
-0.075362827
0.24225421
0.70373892
0.20259802
