-0.12308689
-0.077432288
-0.25151005
-0.15657482
-0.038962823
-0.10452651
-0.14032618
-0.14128427
-0.16986484
-0.24126351
-0.053731547
-0.17964591
-0.12716779
-0.13880141
-0.15074124
-0.1092729
-0.22647667
-0.16104269
-0.12636331
-0.11505135
-0.29552527
0.00064356988
-0.1525353
-0.0036600973
-0.17075173
0.040333266
-0.070651675
-0.19329543
-0.081101778
-0.14587387
0.03775067
-0.097256195
-0.17318298
-0.049354545
-0.14021357
-0.14747807
-0.17340575
-0.14706113
0.060117722
-0.10993129
-0.18756312
-0.098218227
-0.14524216
-0.36874924
-0.11699544
-0.194564
-0.11093513
-0.2117044
0.08426099
-0.14587634
-0.16663764
-0.22935267
-0.061123707
-0.21126295
-0.099086232
-0.18141788
-0.15623315
-0.080502904
-0.1454721
-0.085424864
-0.057582066
-0.098497829
-0.20015691
-0.15650835
0.01612298
-0.1444073
-0.11869366
-0.15598912
-0.1347212
-0.087635952
-0.17268848
-0.15719699
-0.087955753
-0.20189833
-0.19793083
-0.03963719
-0.11642467
-0.088381589
-0.13846134
0.08009896
