-0.41199999
-0.40408533
-0.35228044
-0.52368355
-0.5227968
-0.43465539
-0.42279454
-0.42043208
-0.57190308
-0.28659312
-0.51308555
-0.4274152
-0.49686992
-0.45408745
-0.39784327
-0.42011112
-0.4585155
-0.45226645
-0.46261684
-0.53892144
-0.35880332
-0.45843947
-0.48676484
-0.40503173
-0.5234328
-0.41356919
-0.47742126
-0.40120878
-0.46544552
-0.41305521
-0.4520032
-0.41481717
-0.51801432
-0.33007879
-0.52775086
-0.45702139
-0.45673248
-0.31337089
-0.45112197
-0.49098436
-0.47251483
-0.50702512
-0.41995175
-0.37300659
-0.15368379
-0.29810989
-0.38778471
-0.48563556
-0.36287052
-0.55024878
-0.56012428
-0.43650789
-0.48281993
-0.35896187
-0.35529231
-0.35414031
-0.46785671
-0.28672006
-0.31859455
-0.49589826
-0.38053632
-0.46911011
-0.5342772
-0.46152786
-0.49294852
-0.27616359
-0.44610207
-0.5932872
-0.50327203
-0.22607461
-0.49663786
-0.43135286
-0.4722334
-0.69128896
-0.36332287
-0.49178716
-0.45955172
-0.389794
-0.33379068
-0.48353062
-0.42049177
-0.37698542
-0.4355401
-0.47154031
-0.079868799
-0.35452788
-0.33903321
-0.50655788
-0.43107081
-0.50683042
-0.39968293
-0.33885325
-0.39526927
-0.37048557
-0.47782001
-0.43476274
-0.55081525
-0.48900541
-0.32799269
-0.50259843
-0.40064863
-0.47065156
-0.37199111
-0.4112739
-0.33635803
-0.44305101
-0.62194716
-0.37603407
-0.54408839
-0.46001665
-0.43153704
-0.28828005
-0.36901145
-0.37772338
-0.40872292
-0.40819002
-0.4063853
-0.5137606
-0.68736155
-0.39376017
-0.27150042
-0.51056119
-0.47715167
-0.4992165
-0.54337971
-0.49888082
-0.47608857
-0.53672382
-0.45189531
-0.29284133
-0.54381848
-0.55647169
-0.38392434
-0.51767531
-0.34225458
-0.46674093
-0.35229499
-0.33994075
-0.42067976
-0.49646763
-0.3781225
-0.15191305
-0.43923246
-0.46264038
-0.58790704
-0.41297672
-0.44907853
-0.4376555
-0.5670589
-0.50198551
-0.48040669
-0.27856503
-0.4385191
-0.44858795
-0.38747954
-0.51324837
-0.47030897
-0.4754385
-0.50363328
-0.46526624
