-0.17046596
-0.16890379
-0.046313741
-0.26437765
-0.2563014
-0.1871103
-0.083430935
-0.13900042
-0.22677122
0.010585901
-0.25187155
-0.042824282
-0.21281188
-0.19161236
-0.17922865
-0.013505046
-0.1892697
-0.19058509
-0.16278287
-0.28673027
-0.034177533
-0.21449994
-0.18635566
-0.12844513
-0.2151004
-0.16394785
-0.19179908
-0.14975069
-0.20477773
-0.17200071
-0.22114031
-0.17023435
-0.24389701
-0.12591903
-0.14303279
-0.19602997
-0.20310581
-0.12721958
-0.18265388
-0.26925392
-0.19542272
-0.23048631
-0.07153064
-0.14234169
0.078508396
-0.16601005
-0.17256963
-0.11042249
-0.14511973
-0.25635968
-0.31296141
-0.04547716
-0.2372918
-0.13631584
-0.077821909
-0.040458661
-0.20845708
-0.1008326
0.10799505
-0.23367176
-0.051007924
-0.21392581
-0.24295885
-0.18864599
-0.22121375
0.033412972
-0.19220436
-0.3167752
-0.18763014
0.081034051
-0.22895455
-0.15944806
-0.24240689
-0.32761828
-0.13041939
-0.22597409
-0.20626925
-0.11163432
-0.16999282
-0.21794884
