-0.24598329
-0.4213541
-0.56623188
-0.0067422817
-0.51897466
-1.3313221
0.055408664
-0.52763701
-0.83350384
-0.45947809
-0.58912597
-1.3067294
-1.1540318
-0.84286549
-0.51949004
-0.072564207
-0.71760756
-0.23038381
-0.49153834
-0.50717811
-0.32498043
-0.42578987
-0.13234445
-0.040977605
0.036142601
-0.14509109
-0.66806927
-0.54665979
-0.26750057
-0.048505582
-0.461895
-0.34735119
-0.71703571
-0.032579611
-0.020378808
-0.53251528
-0.15715366
0.072688654
-0.60568003
-0.56657627
-0.81306755
-0.48378123
-0.43304706
-0.69135055
-0.6402495
-0.22759158
-0.34085371
-6.3191065e-05
-1.3964508
-0.27956862
-0.26303293
-0.59166127
-1.0617096
-0.50320513
-0.69484007
0.24439367
-1.3347666
-0.44300281
-0.45758214
-0.2945406
-0.42980596
-0.37899384
-0.60958952
-0.37301166
-0.62284723
-0.27473711
-0.52573384
-0.8735896
-0.19293766
-0.20136484
-0.22325411
-0.50764699
-0.32339165
-0.84501623
-0.27937745
-0.12618715
-0.1380039
-0.66230952
-0.86304589
-0.40225038
1.6463103
0.43814538
0.39258637
0.18012602
0.96060522
0.35796721
0.25608219
0.4890463
-0.15239625
0.3925602
0.10222067
0.57983284
-0.006538046
0.099842156
0.45818007
0.22554706
0.16449971
0.11977187
-0.12178259
0.38006936
0.22751811
-0.14708383
0.29217983
0.38298351
0.059021339
0.18296718
0.28938467
0.43891905
-0.18530262
0.42274918
0.3701151
0.53914938
0.2891959
0.90859198
0.20038675
0.04822664
-0.082423259
0.21248654
0.75549098
0.31520995
0.64119145
0.22773137
0.10393285
0.29884048
-0.058593187
0.35047524
0.20698536
0.25837912
0.020100578
0.19362226
0.19009248
-0.01350993
0.018580667
0.36532991
0.63424109
0.70813257
0.17158275
0.3584462
0.26652921
0.29712518
0.44152211
0.36057022
0.45675081
0.60253349
0.36575351
0.58308033
0.24073655
0.24197094
0.19342942
0.63269589
0.27379851
0.12709888
0.18474185
0.42036135
0.74395359
-0.048517166
-0.12053807
0.03213362
-0.017902573
0.58592609
