-1.4450568
-0.30564487
-0.84693722
-0.43935615
-0.5054028
-0.34149416
-0.69717062
-0.96773062
0.51742913
0.35790138
-0.72115176
0.49218622
-0.29910144
-0.76995301
-1.0698136
-0.18957281
-0.61591579
-1.4521137
-0.22828176
-0.28174699
-0.96649339
-0.79918789
0.27444609
-0.95663339
-0.80747836
-0.039647008
-0.24486879
-0.51896413
-0.92640508
-1.2704387
-1.0871921
-1.9224042
-0.60801684
0.46295744
-0.49403328
-0.76977628
-1.1322503
-1.3290695
-0.51617835
-0.81960919
-1.245048
-0.70084265
-0.8253042
-0.65582471
-0.18313712
1.0985356
-0.36964011
0.037539366
-0.83010417
-0.44377836
-0.56657292
-0.042599994
-0.76325181
-0.4095467
-0.986295
-0.65889568
-0.039852438
-0.72966177
-0.1804015
-0.36301983
-0.6881955
-0.66408502
-0.95113618
-0.49451109
-1.3443502
-0.29782605
-0.35291714
-0.51117495
-0.24499175
0.0033130519
-0.15473875
0.29568544
-0.23193582
-0.6537176
-0.82600303
-0.78445657
-0.14539125
-0.62349326
-1.052377
-1.3938388
1.3299666
1.348082
0.36954519
0.011149466
0.15691055
0.77832153
1.2943317
0.87309142
0.42883601
0.97785127
-0.37507459
0.66152892
0.44186105
0.60319237
0.72831161
1.0365661
0.93130743
0.1365909
0.62386791
0.67966177
0.62346671
0.82308846
0.34663834
0.74470706
0.51521728
0.052881127
-0.042455864
0.19683512
1.1367145
0.88609608
0.26020597
1.6727492
0.7764117
0.55527567
0.29402919
0.90415976
0.71072919
0.26197044
0.83826378
-0.21432544
0.26913018
0.33984811
0.27041126
0.15237631
1.004054
0.37079032
2.018714
0.8171059
0.69059121
-0.27199599
-0.46434117
0.62645234
0.61528807
0.76660047
0.67886173
0.66571785
-0.35515037
0.40917246
0.45598092
0.4968413
0.71628442
0.19558561
-0.54952076
0.7349559
-0.22842922
1.3538331
0.83873691
0.24080594
0.039906807
1.0575242
0.51862309
1.2181375
0.14141289
-0.0051689543
1.1248866
0.34762708
0.35021235
0.64978014
0.56414448
0.26582639
