-0.09667894
-0.14706366
-0.18002173
-0.17146224
-0.14913374
-0.19805794
-0.26420206
-0.21302089
-0.1281936
-0.060681218
-0.34962298
-0.095441657
-0.047154282
-0.14822226
-0.12742439
-0.19754978
-0.12672517
-0.18346859
-0.04690855
-0.10291864
0.15549707
-0.074230471
0.0067772797
-0.18703093
-0.090450804
-0.059670723
-0.33246609
0.0077055474
-0.20050853
-0.091641241
-0.029168374
0.093587643
-0.084990864
-0.22916917
-0.158132
-0.11527661
-0.15720755
-0.12494579
-0.053690161
-0.091094076
-0.13045713
-0.17793337
-0.14766237
-0.1303612
-0.12058965
-0.17214952
-0.13745776
-0.1649412
-0.18040794
-0.091947517
0.034594408
-0.17583563
-0.075147104
-0.20621185
-0.18684076
-0.047833716
-0.11828016
-0.14530838
-0.19483726
-0.26892888
-0.12378674
0.062966735
-0.16498966
-0.14945158
-0.24716399
-0.20273959
-0.17275167
-0.070060151
-0.18555107
-0.18582368
-0.27935605
0.022904431
-0.31171337
-0.07401218
-0.15522811
-0.053624841
-0.10761712
-0.060033119
-0.15165907
-0.11988599
