0.056716332
-0.12262346
-0.13969894
-0.16182893
0.13642293
-0.026557127
0.046352474
-0.11982854
-0.110091
-0.19024945
0.10374748
-0.027426427
-0.027767291
-0.021876268
-0.17387189
-0.022222576
-0.17933531
-0.15088336
0.10043194
-0.12273534
0.0080375923
-0.11545005
-0.0048010606
-0.10564363
0.12370301
-0.12203171
-0.19545538
-0.11499157
-0.18807434
-0.13337913
-0.05044034
0.011456233
-0.052588014
0.097580023
0.0025574609
0.15542606
0.032292821
-0.19279216
-0.22973131
-0.070858989
0.16139261
-0.38520737
-0.14989718
-0.20979729
-0.19681291
-0.15004566
-0.21410751
-0.14789143
-0.12250637
0.14611192
-0.16399295
-0.23761572
-0.088215919
-0.17202164
0.01290796
-0.11033447
-0.11036584
-0.095637346
-0.095919568
-0.22604492
-0.11134423
0.077813007
-0.075748938
-0.13919754
-0.26463448
0.07287706
-0.027313187
-0.14747994
-0.2950551
-0.17007463
-0.18953826
0.11831823
-0.15845346
-0.067580844
-0.097701178
-0.17119989
-0.11981871
-0.12276292
-0.18375612
-0.11607867
