-0.92251046
1.2763258
-0.61223003
0.26250962
-1.4243619
0.11733899
-0.9740727
0.48791464
-0.50665694
0.13965651
0.095145271
0.1001257
-0.81950707
0.36194162
0.0049905348
0.38820548
-0.071101425
0.11702703
-1.0352871
0.59943821
-0.27446796
0.23015726
-0.21953608
1.1446966
-0.60777925
0.5579794
-1.1633987
1.6004977
-0.62527492
0.43060008
0.61641433
0.091764173
-0.25617392
0.4745062
-0.79482946
0.45714231
-1.0055252
0.58604392
0.007123336
0.71835631
0.53377329
0.22688227
-0.59145339
0.055735258
0.54967642
0.9231886
-0.27334116
0.64313322
0.099304541
0.060141133
-0.10320391
1.1489089
0.034997487
1.2229798
-0.19551451
0.52951088
-0.075051779
0.5858968
-0.23631996
1.0347394
-0.98576948
1.1322629
0.45492415
0.81276184
-1.0035317
0.37132855
-0.18108651
0.35932761
0.11796654
0.41999404
-0.57623906
1.1814457
0.41945974
1.5031383
-0.53695793
0.92527905
-0.49166239
0.36973725
-0.63991867
0.062755004
-0.85005727
0.73789888
-0.65686998
0.22150646
-2.1291836
0.28186207
-0.38858255
1.023661
-0.38096284
1.0171521
-0.30789631
0.32475496
-0.85552931
0.72114539
-0.92367478
1.0576969
-1.1118864
0.51042631
-0.10506115
0.36508589
-0.13131014
0.65665497
-0.68397538
0.64884708
-0.73403199
0.57561899
0.19939453
0.86486673
-1.576362
0.76350338
1.0766077
0.85691979
-0.53140662
1.6977809
0.12141636
0.62014357
-0.43190131
0.22078524
-0.52734869
-0.41299638
0.48004576
0.017088064
-0.57728364
0.35488199
-0.67294075
0.4499503
-0.096524278
0.88573457
-0.78195811
0.34693472
-1.4833039
0.072898648
-0.14045371
0.38996049
-0.12909701
0.77196757
-0.078951381
0.62030431
-0.086141864
-0.115828
0.3476393
0.65528724
-0.65232453
0.19967006
-0.41987962
-0.30696336
-0.59773863
0.20221187
-0.8470116
0.60151774
-0.35118511
0.68227619
-1.1600045
-0.14633149
-0.67020395
0.27765217
-0.78895695
0.65342155
-0.29318352
0.14273798
