-0.10905631
-0.14853942
-0.1682301
-0.18709621
-0.13858428
-0.11913458
-0.13445804
-0.15879991
-0.09614347
-0.043082594
-0.27731297
-0.16513676
-0.1662342
0.069015449
0.018942203
-0.089904961
-0.14565076
-0.33494323
-0.12137763
-0.21616356
-0.22152654
-0.2069416
-0.07456371
-0.14408923
-0.13443029
-0.12783556
-0.003082994
0.024408137
-0.31528954
-0.15227688
-0.050311886
-0.035515608
-0.15225725
-0.12643106
-0.063765171
-0.12021433
-0.13350212
-0.1803403
-0.058082104
-0.10901499
0.018727123
-0.011737512
-0.10426657
-0.11845542
-0.31847107
-0.050929625
-0.11871239
-0.091436941
-0.062937271
0.0017562464
-0.059566971
-0.13451994
-0.24209977
-0.1238774
-0.17496838
-0.093039728
-0.23624212
-0.092523893
0.19461327
-0.081921416
-0.044065314
-0.05042093
-0.13857164
-0.15217207
0.053319749
-0.18350855
-0.15644626
-0.17770184
-0.167967
-0.056588754
-0.12304493
-0.34279664
-0.075002405
-0.16237753
-0.041686873
-0.15318574
-0.19148372
-0.07253855
-0.26184885
-0.056532336
