-0.34640968
0.34751089
-0.10337786
0.33886313
-0.10554386
0.20051831
-0.32928978
0.97761573
-0.67055468
0.011714261
-0.61140074
0.06617581
-0.28228372
0.64899297
-0.48537075
0.032842688
-0.82846086
-0.035395723
-0.3089636
0.33348289
-0.41768873
0.12062322
-0.32105468
0.13942101
-0.48528452
0.39204766
0.59761665
0.64494709
-0.23394849
0.56437511
-0.11971547
0.37919202
-0.79675145
0.57878
-0.2302532
-0.25575407
-0.21629434
-0.2184723
0.050738324
0.51354433
-0.36277939
0.34626929
-0.37354223
0.64141684
-0.42114793
0.21155191
-0.55031598
0.21861476
-0.10809002
-0.29034872
-0.29911028
0.24629888
-0.055104553
0.38056893
-0.391692
0.32929728
-0.3499391
0.40395921
-0.52035102
0.084919381
-0.65462402
-0.29947035
-0.4975133
0.3737972
-0.42178619
-0.031282872
-0.32164767
0.62519994
-0.26383697
0.83693263
-0.31996469
-0.0020596554
-0.20440718
0.35318238
0.45472766
0.50838234
-0.13254029
0.46792898
0.12564958
0.98410494
-0.16475431
0.020663143
-0.69591382
-0.048554215
-0.6275152
0.46599014
-0.51262877
0.14281213
-0.16059487
0.26899214
-0.24675945
0.33718188
-0.4557355
0.36696789
-0.82287728
-0.035289322
-1.0798856
0.7397381
0.15606231
0.50232099
-0.053317106
0.65573739
-0.16292384
0.30545895
-0.72455435
0.62215409
-0.56207213
0.34025698
-0.15796954
0.36781135
0.038273745
0.72194088
-0.42985487
0.86044852
-0.41828754
0.8184379
-0.99870484
0.72689334
-0.45248738
0.60695034
-1.0547753
0.5701403
-0.57436638
0.72011857
-0.90595192
0.65120376
-0.27746224
0.36725648
