-0.82887603
-0.10438248
-1.6120247
0.07433151
-0.13964152
0.11954355
-0.15037417
0.41154645
-0.12093702
0.3935964
-0.070838469
-0.021632274
0.55135544
0.79636858
-0.80077122
0.22993065
-0.67530509
-0.50712282
-0.54743913
0.19483429
-0.13841026
0.49638601
-0.34383268
0.08158186
-1.2675755
-0.35267789
-0.75956728
0.4322834
-0.77422092
-0.018377411
0.066829441
0.20227133
-0.71724333
1.1625809
-0.37887072
0.92727158
-1.0168217
0.42703793
-0.34037738
0.1794989
-0.11033705
1.2553843
-1.4117688
1.5062524
0.34653469
0.63051868
-0.71627437
0.84038844
-1.0297606
0.19503615
-0.49290202
0.61718617
-0.74864623
0.20592968
-0.7690754
0.94184716
-1.3467296
0.37579559
-0.9925847
0.56922208
-1.2197761
0.34099185
-0.10212507
0.6472213
-0.91731974
0.48948745
-0.35443258
0.19586179
-0.83400014
-0.29562413
-1.0310592
0.70703906
-0.43768944
-0.041769218
-0.47566874
0.017197736
-0.71407369
0.41239519
0.62101459
0.44574083
-0.10782115
0.16591586
-0.14869922
0.18296365
-0.71045671
0.47259052
-0.68662325
0.8385567
-0.58648039
-0.20962017
-0.35196119
1.1957358
-0.51585203
0.43596603
-0.54428617
1.012786
-0.68649664
0.97534471
0.40159224
0.6048546
-0.014221751
0.22017135
-0.56825694
0.50722161
-0.080440593
0.14220351
0.014741119
0.26246033
-0.849492
0.76676265
-0.50363515
0.83833463
-0.93639982
1.3102348
-0.49912047
0.33738586
0.058772461
0.34612802
-0.95202631
0.6734234
-0.23065843
0.2761006
0.094371938
0.34055725
-0.55513773
0.63700001
0.038775437
0.87088182
