-0.84823525
0.60112726
-0.20659128
0.56354801
-0.97528203
0.32900636
-1.2468032
0.39471441
-0.79891676
0.2385597
-0.1212417
0.38261035
-0.70908575
0.82027246
-0.38524889
0.59600421
-0.1572538
0.39814678
-1.1061249
0.91726697
0.01097998
0.43989468
-0.31909687
1.2959015
-0.56776655
0.43665595
-1.0520241
1.239049
-0.60566029
0.41576795
0.72949708
-0.014059139
-0.1315128
0.51003831
-1.1402377
0.82165588
-1.1926697
0.75285467
-0.065964659
0.71912055
-0.066710398
0.22050817
-0.43880714
-0.16151356
0.54044376
0.76589892
-0.32071174
0.26653995
0.23288108
0.33772706
0.059272769
1.1253212
-0.19052639
1.0919649
-0.35160262
0.66344123
-0.22721049
1.0921472
-0.61115267
1.1702272
-1.0856538
1.2749757
0.51074995
0.63785688
-0.83073996
0.61618361
0.0095195537
0.25464144
0.2933856
0.40031827
-0.76393236
0.59534792
0.18847666
1.5084532
-0.56169722
0.65051541
-0.33103024
0.65444416
-1.2032863
0.77299074
-0.93942026
1.1973341
-0.61739161
0.2696436
-1.2819061
0.3634858
-0.4492203
0.89433822
-0.53085446
0.84222754
-0.75466366
0.60389927
-0.83327703
0.87352551
-1.700259
1.2524674
-1.3207033
0.36157974
-0.22005096
0.44466503
0.61244378
0.29258449
-0.54310665
0.71891779
-0.80527984
0.75120197
0.52293346
1.154089
-1.1142384
0.59823653
0.79833697
1.2577286
-0.292758
1.4309525
0.17436353
0.60942917
-0.30631746
0.24300904
-0.47033659
-0.52519401
1.3066023
-0.13830062
-0.20103444
0.52177046
-0.70295015
0.65737774
-0.15746357
1.6700728
