-1.9733598
1.2874803
-0.81537913
0.31844049
-0.47588822
0.46999758
-1.0988886
0.081544729
-0.99165989
0.95989161
-0.71683952
0.10832546
-0.65049383
0.71003987
-1.2680178
1.8960777
-0.16529713
0.6656548
-1.2584786
0.076009249
-0.88731888
1.3739679
-0.12001287
0.3862564
-0.8356388
0.80470236
-2.2007347
0.13827522
-0.86007301
1.8401325
-0.5036239
1.317637
-1.1741067
0.99545996
-0.70262
0.4402983
-0.35448138
0.63015362
-0.54024459
-0.064420039
-0.71635393
0.18371188
-0.11201336
1.111569
-0.69624352
-0.52540756
0.26041338
0.91816048
-0.77418012
1.351175
-1.1334394
-0.087843863
0.033445943
0.50368954
-1.4998525
0.10450421
0.012903484
0.92490865
-0.78288133
0.22102865
-0.48909827
0.041087977
-0.6381561
0.25128272
-0.42844719
0.22858801
-0.60005013
0.29997389
-0.73911619
0.75804263
-1.7589262
0.53643355
-0.012014656
0.56865799
-0.48703246
-0.081020176
0.1750726
0.01477956
-0.3609767
0.093429782
-0.66332641
0.60235079
-0.58082883
0.71128261
-0.19855963
1.8333989
-0.41054875
0.14597257
-0.78499683
0.69284038
-0.75438724
1.7048003
-0.21943602
0.58352025
0.21758412
0.16051255
-0.42481057
0.12675976
-0.042431785
0.41625135
-0.55295808
0.33228641
-1.213475
-0.33612736
-1.1641722
0.79631269
-0.75808502
0.64399861
-0.096852073
1.2473432
-1.1447912
0.99022768
-0.89251512
0.51417654
-0.76875056
0.43399475
-0.44392765
0.56040209
-1.1360949
0.33641831
-0.87824481
0.2021794
-0.61678468
0.1639956
-1.5547371
0.5060932
-0.50211156
0.80304746
