-2.2166254
0.36932624
-0.10866154
0.37498472
-0.45023472
1.0503018
-1.3053289
0.11419383
-1.4475738
0.54319086
-1.1033333
0.31283414
-1.2784471
1.0310973
0.49007611
0.68864428
-1.8499947
0.68711254
-0.74626573
0.48772952
0.428167
0.46077695
-0.28769164
0.20628049
-1.2105812
0.70631149
-0.58589902
0.40435244
-0.80219741
1.1785637
-0.65390238
0.8206107
-0.92510126
0.6917285
-0.44663055
0.89714894
-0.79274478
0.1008289
-1.7039962
0.12147382
-0.0879107
0.35041646
0.071765097
0.33959858
-0.29077536
0.40749976
-0.68771771
0.15604282
-0.11602111
0.97011869
-0.94935561
0.60954185
-0.31981615
2.4668578
0.093565965
-0.65269177
0.13295714
-0.43297304
-0.87625326
-0.0266046
-1.0705767
-0.11735209
-0.43940709
0.89896623
-1.1817306
1.481644
-0.26017985
1.5240359
-0.86794612
-0.11721547
-0.15764564
0.31979104
-0.38445451
-0.20616074
-0.46682955
1.1680377
-0.65094282
1.2629388
-0.94927706
0.91318033
0.6250381
0.25984414
0.65667683
1.4188427
-0.7799396
-0.50008575
0.26533196
0.62710407
-0.20287292
0.79745775
-0.85178833
0.51301555
-1.326181
0.87579367
-0.056585185
1.4040056
-0.48064807
1.3083597
-0.94590691
-0.050782491
-0.17847836
0.89216992
0.19239289
0.74474215
-0.86000111
0.75915314
-0.68424233
0.70130233
0.018395865
0.57627951
-1.0392068
0.24961609
-0.72389146
0.393225
-0.21275805
0.35563269
0.0086492417
0.18306629
-0.25823059
0.36471449
-0.91162054
1.3430139
-1.7498692
0.54412034
-1.5773647
0.57142841
-1.4529554
1.8902325
